{geoconst.pas:}
   array_size = 10000; {  < array_size in driver/g_const.h !!!!}
   pi= 3.14159265358;       pi2= 6.2831853;       pih= 1.5707963;
   eps1=0.1;      eps2=0.01;       eps3=0.001;     eps4=0.0001;
   eps5=0.00001;  eps6=0.000001;   eps7=0.0000001; eps8=0.00000001;
   default=-1; black=0; blue=1; green=2; cyan=3; red=4; magenta=5; brown=6; 
   lightgray=7; darkgray=8; lightblue=9; lightgreen=10; lightcyan=11; 
   lightred=12; lightmagenta=13; yellow=14; white=15;

